0   5   -4   4   -1   -2   -1   -2
-1.5   6.3   -1.5   2   0.7   -1   -0.3   1
-1.5   2   -2.28   3.24   -1   -1   1   2
-1.3   4.68   -5.5   1   0   -1   -2   3
-1.3   4.4   1.645   2   0   1   1   1
-2   1.9   -0.9   2.1   0   1   0   -0.5
-0.9   2.1   -1.1   1.2   0.4   -0.4   -1   -1
-1.1   1.2   -1   -1.5   2   -1.6   0   -0.3
-1   -1.5   -2.55   -0.6   -1.5   -1   0.15   2.3
-2.65   -0.4   0   0.3   1   1   1.3   -0.3
4.6   4.48   2.8   1.85   0   -5   -0.6   -5
2.8   1.85   4.1   -0.6   5   0   0   0
5.89   4.17   6.2   2   0.8   0   0   0
6.2   2   4.37   -0.18   4.5   4   -12   3.1
4.07   0.65   11.5   -1.5   6   15   1   0
6.39   -0.11   9.5   1.36   1   2   0   2.3
6.51   0.45   8.09   0.45   13.8   -2   5   -2.3
8.1   6.1   8.2   0.49   1   0   0   15.9
6.8   1.55   9.45   2.15   1   1   0   0
6.9   5.28   8.1   2.8   1   -14   -2.5   -11
6.62   3.4   10.1   3.3   1   1   -2.5   -0.3
16.5  6.11   16.55   4   2.5   -1   0   -0.3
14.66   2.89   18.7   3.88   1   1   0.3   1
14.76   3.1   15.66   0.19   0   2   -10   1
15.66   0.19   18.76   3.07   2   0   1   -3
18.76   3.07   15.08   -1.3   1   -6   -7   -1
12.21   -0.8   21.67   -1.5   2   5   -8   -8